-8.79826e-08 0.0979411
-1.13995e-07 0.195898
1.69575e-07 0.29386
8.5918e-07 0.391795
1.85094e-06 0.489867
2.99055e-06 0.588011
4.1982e-06 0.686046
5.31263e-06 0.783992
6.64742e-06 0.882002
8.23094e-06 0.979945
9.99488e-06 1.07786
1.18894e-05 1.17602
1.35158e-05 1.27405
1.49191e-05 1.37208
1.65221e-05 1.47001
1.87479e-05 1.56788
2.13048e-05 1.66584
2.3642e-05 1.76378
2.59516e-05 1.86169
2.81974e-05 1.95972
3.03651e-05 2.05775
3.27192e-05 2.15575
3.49739e-05 2.25366
3.7128e-05 2.35155
3.9296e-05 2.44952
4.12725e-05 2.54756
4.29651e-05 2.64563
4.45223e-05 2.74363
4.60977e-05 2.84165
4.78366e-05 2.9396
4.96837e-05 3.03758
5.17189e-05 3.13554
5.38919e-05 3.23353
5.57117e-05 3.33154
5.7191e-05 3.42954
5.85379e-05 3.52756
5.983e-05 3.62532
6.11836e-05 3.72321
6.26127e-05 3.8212
6.41027e-05 3.91925
6.56266e-05 4.01723
6.68058e-05 4.11516
6.74752e-05 4.213
6.80474e-05 4.31084
6.86436e-05 4.40879
6.92606e-05 4.50685
6.98556e-05 4.60489
7.01706e-05 4.70291
6.99622e-05 4.80078
6.94338e-05 4.89866
6.88634e-05 4.99658
6.81882e-05 5.09453
6.75595e-05 5.19258
6.72743e-05 5.29062
6.7008e-05 5.38855
6.6367e-05 5.48649
6.53182e-05 5.58438
6.39201e-05 5.68238
6.22297e-05 5.78038
6.0279e-05 5.87838
5.82123e-05 5.97638
5.61128e-05 6.07429
5.37469e-05 6.17221
5.08174e-05 6.27022
4.79318e-05 6.36821
4.5497e-05 6.46623
4.31033e-05 6.56429
4.04747e-05 6.66223
3.75231e-05 6.76021
3.43897e-05 6.85828
3.15348e-05 6.95626
2.91873e-05 7.05424
2.71261e-05 7.15219
2.51621e-05 7.25011
2.31085e-05 7.34808
2.10211e-05 7.44608
1.92547e-05 7.54412
1.79624e-05 7.64207
1.68181e-05 7.74002
1.5481e-05 7.83799
1.407e-05 7.93595
1.26384e-05 8.03388
1.10078e-05 8.13184
9.18002e-06 8.22979
7.81764e-06 8.32768
6.83216e-06 8.4257
5.8341e-06 8.52373
4.80511e-06 8.62174
3.75396e-06 8.71977
2.96901e-06 8.81775
2.28671e-06 8.91567
1.80953e-06 9.01364
1.55469e-06 9.11167
1.17272e-06 9.20971
6.27557e-07 9.30767
-3.51732e-08 9.40559
-4.18445e-07 9.50355
-5.25633e-07 9.60141
-7.96276e-07 9.69943
-1.02855e-06 9.79743
-1.44819e-06 9.8953
-2.27859e-06 9.9933
-3.2005e-06 10.0913
-4.11726e-06 10.1893
-5.16309e-06 10.2873
-5.97792e-06 10.3854
-6.41606e-06 10.4833
-6.87755e-06 10.5813
-7.35621e-06 10.6793
-8.31312e-06 10.7773
-9.84895e-06 10.8754
-1.14516e-05 10.9734
-1.31448e-05 11.0713
-1.5142e-05 11.1693
-1.73337e-05 11.2672
-1.95929e-05 11.3652
-2.19729e-05 11.4631
-2.44554e-05 11.5611
-2.71516e-05 11.6591
-3.02551e-05 11.7571
-3.35095e-05 11.8551
-3.66621e-05 11.9531
-3.96217e-05 12.051
-4.24147e-05 12.149
-4.52144e-05 12.247
-4.81945e-05 12.3449
-5.15736e-05 12.4429
-5.54928e-05 12.5409
-5.97596e-05 12.6389
-6.375e-05 12.7368
-6.74354e-05 12.8348
-7.14546e-05 12.9328
-7.5753e-05 13.0309
-7.99477e-05 13.1289
-8.37329e-05 13.2269
-8.69006e-05 13.3249
-8.9906e-05 13.4228
-9.32667e-05 13.5209
-9.69956e-05 13.6189
-0.000101057 13.7168
-0.000105385 13.8147
-0.000109688 13.9126
-0.000113966 14.0105
-0.000118575 14.1085
-0.000123703 14.2065
-0.000129318 14.3045
-0.000135173 14.4025
-0.000140771 14.5005
-0.000146047 14.5985
-0.00015138 14.6963
-0.0001569 14.7942
-0.000162732 14.8922
-0.000168751 14.99
-0.000174467 15.0881
-0.00017995 15.1861
-0.000185256 15.284
-0.000190517 15.3819
-0.000196331 15.48
-0.000202641 15.5779
-0.000209161 15.6758
-0.000215755 15.7738
-0.000222697 15.8718
-0.000230418 15.9697
-0.000238496 16.0677
-0.000246644 16.1656
-0.000254991 16.2636
-0.00026348 16.3616
-0.00027202 16.4598
-0.000280483 16.5577
-0.000288899 16.6556
-0.000297328 16.7536
-0.000305487 16.8516
-0.000313751 16.9496
-0.000322118 17.0478
-0.000330378 17.1457
-0.000338653 17.2436
-0.000346463 17.3415
-0.000353991 17.4394
-0.0003616 17.5374
-0.000369299 17.6354
-0.000377052 17.7334
-0.000384978 17.8312
-0.000393227 17.9291
-0.000401841 18.027
-0.000410918 18.1251
-0.000420114 18.2231
-0.000429371 18.3211
-0.000438741 18.419
-0.000448217 18.517
-0.000457546 18.615
-0.000466453 18.713
-0.000475136 18.811
-0.000483575 18.9089
-0.000492038 19.0067
-0.000500809 19.1047
-0.000510099 19.2027
-0.000519712 19.3007
-0.000529092 19.3987
-0.000538542 19.4967
-0.000548166 19.5946
-0.000557876 19.6925
-0.000567705 19.7905
-0.000577286 19.8885
-0.000586826 19.9866
-0.000596805 20.0846
-0.000607154 20.1827
-0.0006174 20.2807
-0.000627344 20.3786
-0.00063725 20.4766
-0.000647199 20.5746
-0.000657374 20.6726
-0.000668097 20.7706
-0.000679338 20.8686
-0.000690982 20.9664
-0.000702765 21.0644
-0.000714741 21.1624
-0.000726868 21.2604
-0.000739249 21.3584
-0.000752175 21.4564
-0.000765056 21.5544
-0.000777767 21.6524
-0.000790477 21.7503
-0.000803468 21.8483
-0.000816912 21.9463
-0.000830728 22.0442
-0.000844652 22.1423
-0.000858323 22.2402
-0.000871804 22.3381
-0.000885409 22.436
-0.000899031 22.534
-0.00091249 22.632
-0.000925799 22.73
-0.000938931 22.828
-0.000951877 22.926
-0.000964835 23.0238
-0.000977857 23.1218
-0.000990833 23.2197
-0.00100385 23.3177
-0.00101676 23.4157
-0.00102956 23.5136
-0.00104218 23.6116
-0.00105468 23.7096
-0.00106708 23.8076
-0.00107935 23.9057
-0.0010919 24.0035
-0.00110459 24.1016
-0.0011171 24.1995
-0.00112973 24.2974
-0.00114251 24.3954
-0.00115531 24.4933
-0.00116843 24.5913
-0.00118189 24.6892
-0.0011955 24.7871
-0.00120921 24.8851
-0.00122304 24.983
-0.0012367 25.0811
-0.00125052 25.179
-0.00126488 25.2771
-0.00127935 25.375
-0.00129354 25.473
-0.00130719 25.5709
-0.00132042 25.6689
-0.00133357 25.7668
-0.001347 25.8648
-0.00136055 25.9628
-0.00137417 26.0607
-0.00138812 26.1586
-0.00140217 26.2565
-0.00141623 26.3544
-0.00143046 26.4525
-0.00144483 26.5504
-0.0014592 26.6484
-0.00147349 26.7464
-0.0014881 26.8443
-0.0015029 26.9422
-0.00151754 27.0402
-0.00153226 27.1381
-0.00154732 27.236
-0.00156271 27.334
-0.00157827 27.432
-0.00159399 27.53
-0.00160942 27.628
-0.00162419 27.726
-0.00163862 27.824
-0.00165284 27.9219
-0.00166695 28.0199
-0.00168125 28.1179
-0.00169554 28.2159
-0.0017096 28.3138
-0.00172337 28.4118
-0.00173711 28.5097
-0.0017509 28.6076
-0.00176458 28.7056
-0.00177833 28.8037
-0.0017922 28.9017
-0.00180628 28.9996
-0.00182048 29.0974
-0.00183457 29.1954
-0.00184847 29.2933
-0.00186238 29.3913
-0.00187654 29.4893
-0.00189059 29.5873
-0.00190442 29.6852
-0.00191816 29.7832
-0.00193155 29.8812
-0.00194473 29.9793
-0.00195821 30.0774
-0.00197206 30.1754
-0.00198633 30.2733
-0.00200091 30.3712
-0.00201548 30.4692
-0.00203001 30.5673
-0.0020446 30.6652
-0.00205943 30.7632
-0.00207469 30.8611
-0.00209047 30.9589
-0.00210656 31.0568
-0.00212266 31.1547
-0.00213888 31.2527
-0.00215548 31.3506
-0.00217231 31.4486
-0.00218909 31.5466
-0.00220586 31.6446
-0.00222276 31.7425
-0.00223971 31.8405
-0.00225678 31.9385
-0.00227404 32.0364
-0.00229148 32.1344
-0.00230884 32.2324
-0.00232571 32.3304
-0.00234204 32.4283
-0.00235856 32.5263
-0.0023755 32.6243
-0.00239253 32.7222
-0.0024098 32.8201
-0.00242734 32.9181
-0.00244476 33.0161
-0.00246199 33.1141
-0.00247914 33.2121
-0.00249637 33.31
-0.00251386 33.408
-0.00253128 33.5059
-0.00254846 33.6039
-0.00256528 33.7019
-0.0025817 33.7999
-0.00259826 33.898
-0.00261521 33.9959
-0.00263244 34.0939
-0.00264948 34.1919
-0.00266597 34.2899
-0.0026825 34.3879
-0.00269938 34.4859
-0.00271631 34.5838
-0.00273341 34.6817
-0.00275061 34.7797
-0.00276738 34.8776
-0.002784 34.9757
-0.00280068 35.0737
-0.00281717 35.1716
-0.0028339 35.2696
-0.00285079 35.3677
-0.00286766 35.4656
-0.0028849 35.5635
-0.00290214 35.6613
-0.00291939 35.7593
-0.00293657 35.8573
-0.00295339 35.9553
-0.00297028 36.0533
-0.00298738 36.1512
-0.00300429 36.2491
-0.00302076 36.3471
-0.00303689 36.4451
-0.00305284 36.5429
-0.00306912 36.6409
-0.00308587 36.7389
-0.00310259 36.8368
-0.00311906 36.9347
-0.00313537 37.0328
-0.0031517 37.1308
-0.00316831 37.2287
-0.00318516 37.3266
-0.00320217 37.4245
-0.0032197 37.5224
-0.00323768 37.6204
-0.00325549 37.7184
-0.00327331 37.8163
-0.00329103 37.9142
-0.00330856 38.0121
-0.0033263 38.11
-0.00334387 38.208
-0.00336139 38.306
-0.00337893 38.4039
-0.00339637 38.5018
-0.00341371 38.5997
-0.00343063 38.6977
-0.00344729 38.7956
-0.00346398 38.8936
-0.00348058 38.9916
-0.00349686 39.0896
-0.00351304 39.1875
-0.00352972 39.2855
-0.00354681 39.3835
-0.00356386 39.4814
-0.00358061 39.5795
-0.00359753 39.6775
-0.00361492 39.7754
-0.00363224 39.8735
-0.00364919 39.9714
-0.00366629 40.0694
-0.00368384 40.1675
-0.00370126 40.2655
-0.00371846 40.3635
-0.00373579 40.4615
-0.00375328 40.5594
-0.00377039 40.6574
-0.00378709 40.7554
-0.00380385 40.8535
-0.00382041 40.9515
-0.00383661 41.0495
-0.00385248 41.1474
-0.00386817 41.2454
-0.00388389 41.3434
-0.0038994 41.4414
-0.00391468 41.5393
-0.00392998 41.6373
-0.00394539 41.7352
-0.00396086 41.8333
-0.00397607 41.9313
-0.00399135 42.0293
-0.00400691 42.1272
-0.00402242 42.2251
-0.00403809 42.3231
-0.00405406 42.421
-0.00406974 42.5189
-0.00408502 42.6168
-0.0041002 42.7147
-0.00411525 42.8125
-0.0041304 42.9106
-0.00414567 43.0085
-0.00416101 43.1065
-0.00417634 43.2044
-0.00419166 43.3023
-0.00420712 43.4002
-0.00422256 43.4982
-0.00423767 43.5962
-0.00425238 43.6941
-0.00426704 43.792
-0.00428199 43.8899
-0.00429718 43.9878
-0.00431231 44.0859
-0.0043277 44.1839
-0.00434305 44.2819
-0.00435797 44.3798
-0.00437319 44.4777
-0.0043888 44.5757
-0.00440435 44.6736
-0.00442011 44.7716
-0.0044364 44.8696
-0.00445281 44.9676
-0.00446859 45.0655
-0.00448392 45.1635
-0.00449913 45.2614
-0.00451412 45.3595
-0.00452871 45.4574
-0.00454299 45.5553
-0.00455727 45.6533
-0.00457129 45.7511
-0.00458525 45.8492
-0.00459953 45.9472
-0.00461392 46.0452
-0.004628 46.1431
-0.00464176 46.241
-0.0046556 46.3388
-0.00466979 46.4369
-0.00468365 46.5348
-0.00469719 46.6328
-0.00471092 46.7308
-0.00472459 46.8288
-0.00473792 46.9268
-0.00475086 47.0248
-0.00476366 47.1228
-0.00477631 47.2208
-0.00478901 47.3187
-0.00480175 47.4167
-0.00481438 47.5146
-0.00482684 47.6127
-0.00483937 47.7107
-0.00485254 47.8088
-0.00486606 47.9068
-0.0048796 48.0047
-0.00489287 48.1026
-0.00490628 48.2007
-0.00492005 48.2987
-0.00493377 48.3966
-0.00494742 48.4947
-0.00496097 48.5927
-0.00497429 48.6908
-0.00498734 48.7888
-0.00500029 48.8869
-0.00501345 48.9848
-0.00502713 49.0828
-0.00504108 49.1807
-0.00505512 49.2786
-0.00506936 49.3765
-0.00508367 49.4745
-0.00509792 49.5724
-0.0051123 49.6704
-0.00512697 49.7684
-0.00514184 49.8664
-0.00515644 49.9644
-0.00517061 50.0624
-0.00518464 50.1604
-0.00519908 50.2583
-0.00521416 50.3563
-0.00522996 50.4544
-0.00524595 50.5525
-0.0052619 50.6504
-0.0052784 50.7483
-0.00529512 50.8463
-0.00531174 50.9443
-0.00532812 51.0423
-0.00534431 51.1403
-0.00536061 51.2383
-0.00537683 51.3362
-0.00539316 51.4342
-0.00540981 51.5321
-0.00542635 51.6301
-0.00544248 51.7282
-0.00545863 51.8262
-0.00547499 51.924
-0.00549156 52.0219
-0.00550832 52.1198
-0.00552517 52.2178
-0.005542 52.3159
-0.00555741 52.4139
-0.00556663 52.5118
-0.00556005 52.6096
-0.00552398 52.7075
-0.0054437 52.8054
-0.00530712 52.9034
-0.00510607 53.0014
-0.00483646 53.0993
-0.00449509 53.1974
-0.00408254 53.2953
-0.00359151 53.3942
-0.00302014 53.4919
-0.00232978 53.5902
-0.0014958 53.6872
-0.000425327 53.7867
0.000917449 53.8851
0.00260366 53.9827
0.00472885 54.0808
0.00737234 54.1791
0.0106185 54.2781
0.014507 54.3769
0.0190539 54.4748
0.0244262 54.5741
0.0304909 54.6716
0.0372707 54.7675
0.0450082 54.8647
0.0535621 54.9611
0.062933 55.0565
0.0732581 55.1522
0.0846123 55.2488
0.0969922 55.3459
0.110435 55.4437
0.125198 55.5438
0.141157 55.645
0.157948 55.7451
0.174799 55.8398
0.19239 55.9334
0.210685 56.0258
0.230113 56.1191
0.251062 56.2149
0.27309 56.3112
0.296413 56.4088
0.320627 56.5059
0.34591 56.6034
0.371521 56.6985
0.397649 56.792
0.424215 56.8838
0.451532 56.975
0.480107 57.0674
0.509509 57.1595
0.540423 57.2534
0.57204 57.3467
0.604822 57.4407
0.638298 57.5341
0.672705 57.6275
0.707537 57.7196
0.743028 57.811
0.779667 57.903
0.817116 57.9947
0.854673 58.0846
0.892988 58.1741
0.931527 58.2621
0.970782 58.3498
1.01162 58.4389
1.05332 58.528
1.09655 58.6183
1.13987 58.707
1.18352 58.7945
1.22731 58.8805
1.27256 58.9675
1.31921 59.0556
1.36628 59.1426
1.41267 59.2268
1.45866 59.3087
1.50565 59.3908
1.55461 59.4747
1.60501 59.5594
1.65668 59.6445
1.71017 59.7311
1.76205 59.8136
1.81353 59.8941
1.86575 59.9747
1.91856 60.0551
1.97247 60.1362
2.02805 60.2189
2.08459 60.3023
2.14079 60.3845
2.19685 60.4659
2.25198 60.5456
2.30676 60.6245
2.36178 60.7035
2.41758 60.7836
2.47415 60.8648
2.53122 60.9468
2.58793 61.0284
2.64363 61.1087
2.69869 61.1882
2.75378 61.2677
2.80935 61.3478
2.86554 61.4287
2.92213 61.5102
2.97853 61.5912
3.03455 61.6718
3.09011 61.7517
3.14548 61.8314
3.20103 61.9114
3.25688 61.992
3.31311 62.073
3.3694 62.1541
3.42543 62.2348
3.48121 62.3151
3.53677 62.395
3.59253 62.4751
3.64849 62.5555
3.70484 62.6363
3.76153 62.7175
3.81812 62.7983
3.8742 62.878
3.93008 62.957
3.9875 63.0375
4.04429 63.1165
4.10204 63.196
4.16075 63.276
4.22073 63.3566
4.28026 63.4355
4.34107 63.5149
4.40248 63.5938
4.46198 63.6689
4.52097 63.742
4.58069 63.8145
4.64219 63.8877
4.70687 63.9631
4.7739 64.0396
4.83967 64.1131
4.90693 64.1867
4.97389 64.2585
5.04169 64.3296
5.10942 64.3993
5.1766 64.467
5.24411 64.5337
5.31304 64.6004
5.38519 64.6689
5.45793 64.7367
5.53177 64.8041
5.60656 64.8711
5.6811 64.9367
5.75609 65.0014
5.82903 65.0633
5.90139 65.1236
5.97471 65.1836
6.04951 65.2437
6.12736 65.3052
6.20744 65.3672
6.28718 65.4279
6.36648 65.4872
6.44614 65.5457
6.52467 65.6022
6.6038 65.6582
6.68318 65.7133
6.76458 65.7687
6.84637 65.8233
6.92767 65.8766
7.01018 65.9296
7.09343 65.9821
7.17751 66.034
7.26161 66.085
7.34734 66.1358
7.43093 66.1845
7.51492 66.2323
7.60081 66.2802
7.68773 66.3277
7.77624 66.375
7.86315 66.4205
7.94716 66.4635
8.03094 66.5055
8.11672 66.5476
8.20649 66.5906
8.29867 66.6337
8.39232 66.6765
8.48304 66.717
8.57245 66.756
8.66089 66.7936
8.75048 66.8308
8.83938 66.8668
8.92956 66.9025
9.0201 66.9373
9.11182 66.9717
9.20582 67.0061
9.29931 67.0394
9.39496 67.0726
9.48865 67.1043
9.57866 67.1339
9.66967 67.1631
9.76354 67.1923
9.85696 67.2205
9.95204 67.2483
10.0458 67.2749
10.1394 67.3006
10.2327 67.3253
10.3265 67.3493
10.423 67.3731
10.523 67.3968
10.623 67.4196
10.72 67.4409
10.8146 67.4607
10.9068 67.4792
10.9968 67.4964
11.0952 67.5144
11.1963 67.5318
11.2956 67.548
11.3961 67.5635
11.4947 67.5779
11.5911 67.5909
11.6845 67.6028
11.7782 67.6138
11.8721 67.624
11.9696 67.6336
12.0683 67.6425
12.1691 67.6506
12.2699 67.6578
12.3686 67.664
12.4641 67.6692
12.5606 67.6735
12.6585 67.677
12.7583 67.6796
12.8585 67.6814
12.957 67.6822
13.0557 67.6822
13.1501 67.6813
13.245 67.6796
13.3432 67.677
13.4422 67.6735
13.5426 67.669
13.6413 67.6638
13.7406 67.6577
13.8411 67.6506
13.9392 67.6429
14.0348 67.6345
14.1308 67.6252
14.225 67.6153
14.3203 67.6044
14.4179 67.5925
14.5165 67.5795
14.6162 67.5655
14.7152 67.5507
14.8122 67.5354
14.9111 67.5189
15.0077 67.502
15.1014 67.4847
15.1949 67.4667
15.2892 67.4477
15.3843 67.4276
15.4813 67.4064
15.5765 67.3847
15.6731 67.3618
15.7683 67.3384
15.8652 67.3137
15.9613 67.2883
16.0584 67.2618
16.1523 67.2353
16.2462 67.2079
16.3363 67.1807
16.4261 67.1529
16.5169 67.1237
16.6097 67.0931
16.7038 67.061
16.7988 67.0277
16.8924 66.994
16.9862 66.9592
17.0803 66.9234
17.1714 66.8877
17.2629 66.851
17.3495 66.8154
17.4353 66.7792
17.5223 66.7417
17.612 66.7021
17.7036 66.6607
17.7946 66.6189
17.8846 66.5767
17.9728 66.5346
18.0599 66.4924
18.1476 66.4494
18.2351 66.4059
18.3234 66.3615
18.4113 66.3169
18.4995 66.2719
18.5873 66.2269
18.6746 66.1818
18.7614 66.137
18.8482 66.0922
18.9354 66.0471
19.0227 66.0021
19.11 65.9571
19.197 65.9123
19.2841 65.8676
19.371 65.8229
19.4582 65.7781
19.5455 65.7331
19.6328 65.6881
19.7202 65.643
19.8075 65.5979
19.8947 65.553
19.9817 65.5082
20.0684 65.4635
20.1553 65.4188
20.2423 65.3741
20.3296 65.3292
20.4169 65.2842
20.5042 65.2392
20.5914 65.1942
20.6784 65.1493
20.7654 65.1044
20.8524 65.0596
20.9395 65.0146
21.0264 64.9698
21.1135 64.9247
21.2014 64.8791
21.2889 64.8336
21.3761 64.788
21.4634 64.742
21.5498 64.6961
21.6359 64.65
21.7214 64.6036
21.8059 64.5572
21.8902 64.5102
21.9744 64.4625
22.0583 64.4141
22.1436 64.3639
22.2302 64.312
22.3147 64.2602
22.3996 64.207
22.4835 64.1533
22.5657 64.0994
22.6464 64.0453
22.7244 63.9917
22.8019 63.9374
22.88 63.8812
22.9589 63.8233
23.0394 63.7628
23.1209 63.7003
23.2013 63.6372
23.2792 63.5748
23.3545 63.5134
23.4265 63.4535
23.497 63.3936
23.5679 63.3324
23.6414 63.2676
23.7154 63.2013
23.7897 63.1335
23.8638 63.0647
23.9366 62.9959
24.0083 62.9271
24.0799 62.8571
24.1477 62.7898
24.2144 62.7225
24.2809 62.6542
24.3466 62.5857
24.4132 62.5151
24.4806 62.4423
24.5483 62.3681
24.6148 62.2939
24.6796 62.2204
24.7443 62.1457
24.808 62.071
24.8727 61.9937
24.9357 61.9172
24.9966 61.8419
25.055 61.7686
25.113 61.6943
25.1725 61.6169
25.2314 61.5387
25.2907 61.4587
25.3498 61.3776
25.4081 61.2959
25.4654 61.2143
25.5216 61.1328
25.5766 61.0515
25.6304 60.9706
25.6825 60.8907
25.7333 60.8115
25.7844 60.7301
25.8363 60.6459
25.8883 60.56
25.9396 60.4734
25.9902 60.3865
26.0393 60.3006
26.0865 60.2162
26.1334 60.1311
26.1797 60.0454
26.2261 59.9579
26.2719 59.8703
26.3165 59.7835
26.3605 59.6967
26.4038 59.61
26.4466 59.5234
26.4891 59.4364
26.5315 59.3487
26.5739 59.2602
26.6166 59.1705
26.6591 59.0809
26.701 58.9921
26.7422 58.9045
26.7833 58.8172
26.8246 58.7294
26.8667 58.6402
26.9092 58.5503
26.9516 58.4607
26.9935 58.3721
27.0351 58.2842
27.0767 58.1964
27.1183 58.1081
27.1603 58.0192
27.2023 57.9301
27.2442 57.8413
27.286 57.7527
27.3277 57.6643
27.3695 57.5759
27.4113 57.4874
27.4532 57.3988
27.4952 57.3101
27.5371 57.2213
27.579 57.1325
27.6207 57.044
27.6624 56.9557
27.7041 56.8673
27.7459 56.7788
27.7879 56.69
27.8299 56.6012
27.8717 56.5125
27.9136 56.424
27.9553 56.3356
27.9971 56.2471
28.039 56.1583
28.0811 56.0691
28.1236 55.9789
28.1662 55.8888
28.2088 55.7984
28.251 55.709
28.2936 55.6186
28.336 55.5287
28.3782 55.4389
28.4211 55.3477
28.4641 55.2558
28.5082 55.1615
28.551 55.0697
28.5938 54.9776
28.6362 54.8861
28.6789 54.7937
28.7216 54.701
28.7646 54.6074
28.8075 54.5135
28.8503 54.4198
28.8926 54.3268
28.9348 54.2335
28.9774 54.1394
29.0196 54.0456
29.0595 53.9566
29.0975 53.8716
29.1374 53.7823
29.1796 53.6875
29.2265 53.5819
29.2718 53.4799
29.3125 53.3878
29.3493 53.3046
29.3858 53.222
29.4255 53.132
29.4659 53.04
29.5043 52.9528
29.5432 52.8642
29.5858 52.7669
29.6304 52.6652
29.6709 52.5725
29.7059 52.4926
29.7434 52.4069
29.7831 52.3161
29.8237 52.2231
29.8614 52.1369
29.9022 52.0432
29.9466 51.9415
29.9877 51.8474
30.0229 51.7668
30.061 51.6796
30.1009 51.588
30.1393 51.4998
30.1763 51.4149
30.2146 51.3267
30.2558 51.2316
30.2971 51.1365
30.3357 51.0472
30.3745 50.9575
30.4145 50.8649
30.4528 50.7761
30.4889 50.6923
30.5258 50.6065
30.5653 50.5146
30.6083 50.4146
30.6498 50.3182
30.6882 50.2289
30.7265 50.1396
30.7666 50.0464
30.8056 49.9554
30.8439 49.8663
30.8792 49.7838
30.9163 49.6975
30.9567 49.6033
30.9987 49.5055
31.0403 49.4086
31.0765 49.3243
31.1131 49.239
31.151 49.1507
31.193 49.0529
31.2342 48.9567
31.2716 48.8696
31.3075 48.7858
31.3441 48.7004
31.3839 48.6076
31.4245 48.5132
31.4639 48.4213
31.5004 48.3362
31.5377 48.2492
31.5772 48.1573
31.6173 48.064
31.6563 47.973
31.6927 47.8882
31.7312 47.7985
31.7714 47.7047
31.8124 47.6094
31.8512 47.5188
31.887 47.4353
31.9238 47.3495
31.9638 47.2564
32.0035 47.1638
32.042 47.0742
32.081 46.9831
32.1223 46.8867
32.1649 46.7873
32.2038 46.6966
32.2383 46.6161
32.2731 46.5349
32.3095 46.4501
32.3485 46.3589
32.3877 46.2674
32.427 46.1759
32.4692 46.0772
32.5138 45.9731
32.5552 45.8766
32.5902 45.7948
32.6236 45.7168
32.6624 45.626
32.7041 45.5284
32.7449 45.4331
32.7842 45.3412
32.8236 45.2492
32.8635 45.1559
32.9016 45.0668
32.9364 44.9855
32.9697 44.9077
33.0072 44.8202
33.0505 44.719
33.0947 44.6157
33.136 44.5192
33.1749 44.4282
33.2145 44.3359
33.253 44.2459
33.2888 44.1623
33.3243 44.0793
33.3598 43.9964
33.3999 43.9029
33.4435 43.801
33.4851 43.7038
33.5235 43.6143
33.561 43.5267
33.5977 43.4412
33.637 43.3494
33.6748 43.2611
33.7126 43.173
33.7508 43.084
33.7908 42.9905
33.8324 42.8935
33.8715 42.8023
33.9099 42.713
33.9471 42.6263
33.9847 42.5386
34.0235 42.4483
34.062 42.3587
34.0994 42.2715
34.1386 42.1802
34.1786 42.0871
34.2188 41.9937
34.2572 41.9042
34.2952 41.8156
34.3343 41.7245
34.3737 41.6325
34.413 41.5409
34.4521 41.4497
34.4912 41.3584
34.5327 41.2615
34.5743 41.1646
34.6152 41.0693
34.6531 40.981
34.69 40.895
34.7289 40.8043
34.7718 40.7045
34.8137 40.6068
34.8535 40.514
34.8917 40.425
34.9283 40.3395
34.9664 40.2508
35.0068 40.1566
35.0498 40.0562
35.0929 39.956
35.1361 39.8553
35.1773 39.7593
35.2164 39.6681
35.2531 39.5825
35.2899 39.4967
35.3284 39.407
35.3689 39.3125
35.4105 39.2155
35.4516 39.1197
35.4912 39.0274
35.5291 38.9391
35.5663 38.8523
35.604 38.7644
35.6426 38.6745
35.6821 38.5825
35.722 38.4894
35.7618 38.3968
35.8009 38.3056
35.8393 38.2161
35.8771 38.1281
35.9149 38.0398
35.9531 37.9503
35.9921 37.8589
36.0311 37.7671
36.0696 37.6761
36.108 37.5849
36.1458 37.4946
36.1838 37.4035
36.2206 37.3148
36.2579 37.2242
36.295 37.1333
36.3319 37.0418
36.3688 36.9494
36.4048 36.8576
36.4403 36.7658
36.4752 36.6739
36.5098 36.5806
36.5435 36.4879
36.5763 36.3956
36.6079 36.3044
36.6381 36.2147
36.6679 36.1235
36.6969 36.032
36.7248 35.9408
36.7529 35.846
36.7805 35.7492
36.8075 35.651
36.8333 35.5531
36.8579 35.456
36.8806 35.3625
36.9018 35.271
36.922 35.1795
36.9413 35.088
36.9601 34.9938
36.9792 34.8928
36.9977 34.7895
37.015 34.6877
37.0307 34.5895
37.045 34.4943
37.0579 34.4024
37.07 34.3104
37.0813 34.2172
37.0922 34.1206
37.1025 34.0213
37.1121 33.9194
37.1209 33.8171
37.1288 33.7153
37.1355 33.6173
37.1412 33.5229
37.146 33.4294
37.1501 33.3344
37.1535 33.2361
37.1562 33.1363
37.158 33.0362
37.1591 32.9352
37.1593 32.8369
37.1587 32.7414
37.1574 32.644
37.1553 32.5476
37.1523 32.4492
37.1485 32.3496
37.1438 32.2494
37.1384 32.1505
37.1323 32.0528
37.1256 31.958
37.1181 31.8635
37.1098 31.7684
37.1004 31.671
37.0903 31.5742
37.0789 31.4738
37.0667 31.374
37.0535 31.2724
37.0398 31.1741
37.0256 31.0782
37.0106 30.9822
36.995 30.8882
36.9782 30.7924
36.9609 30.698
36.9425 30.6028
36.9233 30.5079
36.9028 30.4112
36.8812 30.3135
36.859 30.2168
36.8359 30.1204
36.812 30.0244
36.7878 29.9306
36.7627 29.8364
36.7369 29.7431
36.7103 29.6503
36.6826 29.5563
36.6536 29.4615
36.6245 29.3688
36.5939 29.2745
36.5626 29.1809
36.5313 29.0897
36.4987 28.9974
36.4654 28.9058
36.4305 28.8122
36.395 28.7195
36.3602 28.6309
36.3245 28.5421
36.2883 28.4545
36.2498 28.3634
36.2107 28.2728
36.1707 28.1826
36.1306 28.094
36.0896 28.0054
36.0477 27.9168
36.0048 27.8283
35.9603 27.7382
35.9163 27.651
35.871 27.5633
35.8256 27.4771
35.7794 27.3912
35.7324 27.3058
35.6841 27.2196
35.6362 27.1359
35.5875 27.0527
35.5354 26.9653
35.483 26.8793
35.4298 26.7937
35.3761 26.709
35.3248 26.6296
35.2723 26.55
35.2187 26.4702
35.164 26.3903
35.1066 26.3079
35.0496 26.2277
34.9928 26.1493
34.9361 26.0723
34.8782 25.9953
34.8186 25.9173
34.758 25.8395
34.6966 25.7621
34.6336 25.6841
34.5701 25.6068
34.5064 25.5306
34.4424 25.4555
34.3795 25.3829
34.3181 25.3133
34.2573 25.2456
34.1924 25.1747
34.1237 25.101
34.0504 25.0238
33.9776 24.9483
33.9076 24.8772
33.8397 24.8092
33.7736 24.7443
33.7063 24.6793
33.6364 24.6132
33.5652 24.5469
33.4925 24.4804
33.4164 24.4121
33.3405 24.3451
33.2642 24.279
33.1888 24.2148
33.1145 24.1526
33.0417 24.0926
32.9681 24.0331
32.8914 23.9721
32.8138 23.9114
32.7344 23.8505
32.6568 23.7919
32.5786 23.734
32.5011 23.6776
32.4219 23.6208
32.3413 23.5642
32.2578 23.5064
32.1751 23.4503
32.0919 23.395
32.0097 23.3412
31.9273 23.2883
31.8446 23.2361
31.7627 23.1854
31.6818 23.1363
31.6004 23.0878
31.5185 23.04
31.433 22.9911
31.3463 22.9426
31.2567 22.8934
31.1673 22.8454
31.0789 22.7988
30.9922 22.7542
30.9053 22.7104
30.8185 22.6676
30.7303 22.6251
30.6436 22.5843
30.5563 22.5442
30.4669 22.504
30.3771 22.4647
30.2853 22.4254
30.191 22.3861
30.0986 22.3485
30.0073 22.3124
29.9176 22.2777
29.8281 22.2441
29.7382 22.2113
29.648 22.1792
29.5576 22.148
29.4644 22.1167
29.371 22.0863
29.275 22.056
29.1783 22.0265
29.0815 21.9978
28.9866 21.9706
28.8926 21.9446
28.7981 21.9193
28.7036 21.8949
28.6092 21.8714
28.5156 21.849
28.4207 21.8271
28.3261 21.8062
28.2302 21.7858
28.1326 21.766
28.0339 21.7468
27.9355 21.7285
27.8389 21.7114
27.7433 21.6954
27.6486 21.6803
27.5528 21.6659
27.458 21.6525
27.3632 21.64
27.2659 21.6279
27.1692 21.6169
27.072 21.6066
26.9733 21.597
26.8743 21.5884
26.7773 21.5807
26.6807 21.574
26.5848 21.5682
26.4867 21.5632
26.3897 21.5592
26.2918 21.556
26.193 21.5537
26.0944 21.5523
25.9964 21.5518
25.8977 21.5522
25.7985 21.5536
25.7001 21.5558
25.6023 21.5589
25.5051 21.5629
25.4084 21.5678
25.3113 21.5735
25.2131 21.5802
25.1145 21.5878
25.0166 21.5962
24.9177 21.6056
24.8196 21.6157
24.7211 21.6268
24.6262 21.6383
24.5304 21.6507
24.4341 21.6641
24.3381 21.6783
24.2398 21.6937
24.1413 21.7099
24.0433 21.727
23.946 21.7448
23.8495 21.7633
23.7549 21.7823
23.658 21.8026
23.5635 21.8232
23.4677 21.845
23.374 21.8672
23.2802 21.8902
23.1859 21.9143
23.0913 21.9393
22.996 21.9654
22.8982 21.9932
22.8027 22.0212
22.7087 22.0497
22.6161 22.0786
22.5245 22.1081
22.4324 22.1387
22.3414 22.1699
22.2493 22.2023
22.1579 22.2354
22.0649 22.2699
21.9707 22.3059
21.8766 22.3427
21.7856 22.3792
21.6977 22.4153
21.6117 22.4515
21.5236 22.4895
21.4342 22.5289
21.3428 22.5702
21.2516 22.6124
21.1631 22.6542
21.0761 22.6962
20.9885 22.7394
20.9022 22.783
20.8135 22.8287
20.7252 22.8753
20.6396 22.9214
20.5537 22.9686
20.4695 23.0159
20.3856 23.064
20.3015 23.1132
20.2183 23.1629
20.1351 23.2135
20.0535 23.2643
19.9698 23.3173
19.8851 23.372
19.799 23.4287
19.7159 23.4845
19.638 23.5377
19.5614 23.591
19.4859 23.6445
19.4065 23.7019
19.3265 23.7607
19.2452 23.8216
19.1655 23.8824
19.0869 23.9435
19.0102 24.0041
18.934 24.0654
18.8568 24.1287
18.7821 24.191
18.7086 24.2534
18.6351 24.3169
18.5609 24.3822
18.4879 24.4475
18.4157 24.5132
18.3451 24.5787
18.2742 24.6456
18.2052 24.7118
18.1337 24.7817
18.0604 24.8546
17.9885 24.9273
17.9199 24.9979
17.854 25.0668
17.7891 25.1358
17.7254 25.2048
17.6605 25.2762
17.5961 25.3483
17.5305 25.423
17.4666 25.4971
17.4015 25.5738
17.3368 25.6515
17.2712 25.7315
17.2097 25.8079
17.1503 25.8829
17.0941 25.955
17.037 26.0297
16.9794 26.1064
16.9197 26.1872
16.8603 26.2692
16.8023 26.3507
16.7467 26.4302
16.6912 26.511
16.6362 26.5926
16.581 26.6759
16.5263 26.7602
16.4738 26.8425
16.4233 26.9231
16.373 27.0052
16.3232 27.0879
16.2735 27.1721
16.2241 27.2574
16.1737 27.3463
16.1234 27.4367
16.0744 27.5267
16.029 27.6117
15.9854 27.6949
15.944 27.7757
15.9019 27.8597
15.8592 27.9468
15.8163 28.036
15.7728 28.1289
15.7315 28.2189
15.6904 28.3106
15.6497 28.4035
15.6107 28.4946
15.5729 28.5853
15.5366 28.6745
15.5013 28.7631
15.4675 28.8504
15.4329 28.9421
15.3991 29.0339
15.3658 29.1269
15.3333 29.2201
15.3017 29.3132
15.2714 29.405
15.2406 29.5012
15.211 29.5964
15.182 29.6923
15.1539 29.7882
15.1273 29.8819
15.1019 29.9741
15.0776 30.0656
15.0541 30.1572
15.0311 30.2499
15.0084 30.3452
14.9866 30.4403
14.9651 30.5377
14.944 30.6376
14.9237 30.7378
14.9045 30.837
14.887 30.9319
14.8707 31.0247
14.8555 31.1161
14.841 31.2087
14.8267 31.3054
14.8131 31.4034
14.8003 31.5026
14.7884 31.6015
14.7772 31.7021
14.7669 31.8032
14.7577 31.9028
14.7496 31.9997
14.7426 32.093
14.7365 32.1864
14.731 32.2825
14.7263 32.3813
14.7225 32.4803
14.7196 32.5781
14.7175 32.6764
14.7162 32.7767
14.7158 32.8783
14.7163 32.979
14.7175 33.0759
14.7196 33.1723
14.7225 33.2678
14.7261 33.3629
14.7307 33.4591
14.7361 33.5565
14.7423 33.6542
14.7495 33.7535
14.7574 33.8505
14.7665 33.9525
14.7762 34.0514
14.7869 34.152
14.7981 34.2496
14.8101 34.3463
14.8222 34.4383
14.8353 34.5323
14.8493 34.6264
14.8645 34.723
14.8805 34.8189
14.8978 34.9184
14.9155 35.015
14.9346 35.1141
14.9548 35.2151
14.9758 35.3154
14.9969 35.412
15.0183 35.5062
15.04 35.5986
15.0623 35.6897
15.0864 35.7845
15.1109 35.8774
15.1368 35.9726
15.1642 36.0692
15.1938 36.1704
15.2251 36.2737
15.256 36.3725
15.2864 36.4665
15.3154 36.5535
15.3439 36.6366
15.3755 36.7258
15.4114 36.8241
15.4524 36.9334
15.4934 37.0395
15.5295 37.1306
15.5639 37.2148
15.5985 37.2976
15.636 37.3847
15.6764 37.4763
15.7165 37.5649
15.7602 37.6589
15.8072 37.7576
15.8535 37.8527
15.9 37.9461
15.9445 38.0337
15.9898 38.121
16.0337 38.2039
16.0777 38.2855
16.1221 38.3666
16.1709 38.454
16.2216 38.5434
16.2724 38.6316
16.3218 38.7164
16.3736 38.8042
16.4263 38.8924
16.4783 38.9785
16.5283 39.0606
16.5781 39.1416
16.6315 39.2278
16.6871 39.3171
16.7414 39.4039
16.7904 39.4817
16.838 39.557
16.8889 39.6373
16.9438 39.7236
17.0001 39.8117
17.0543 39.8962
17.1086 39.9809
17.1613 40.0628
17.2151 40.1462
17.2679 40.228
17.3169 40.3038
17.3677 40.3825
17.4224 40.467
17.4799 40.5559
17.5347 40.6405
17.5881 40.7229
17.6392 40.8016
17.6943 40.8864
17.7499 40.9719
17.8018 41.0516
17.856 41.1347
17.9112 41.2191
17.9685 41.3067
18.0215 41.3876
18.0726 41.4656
18.1258 41.5466
18.1828 41.6334
18.238 41.7173
18.2929 41.8005
18.347 41.8827
18.4015 41.9652
18.4574 42.0499
18.5085 42.1273
18.5614 42.2073
18.614 42.2869
18.6671 42.3671
18.7246 42.4539
18.7799 42.5372
18.8374 42.6239
18.8938 42.7089
18.9491 42.792
18.9996 42.8681
19.0498 42.9436
19.1039 43.0248
19.1602 43.1094
19.2218 43.202
19.2771 43.2849
19.3313 43.3662
19.3823 43.4427
19.435 43.5217
19.488 43.6011
19.5399 43.6789
19.5935 43.7594
19.6514 43.846
19.7106 43.9346
19.768 44.0205
19.8192 44.0972
19.8701 44.1733
19.9234 44.2529
19.9781 44.3348
20.033 44.4169
20.0859 44.4959
20.1436 44.5822
20.2012 44.6683
20.2576 44.7526
20.3119 44.8337
20.3628 44.9098
20.4162 44.9896
20.4715 45.0721
20.5278 45.1562
20.5838 45.2399
20.6401 45.324
20.6984 45.411
20.7535 45.4932
20.8087 45.5757
20.8598 45.6519
20.9138 45.7324
20.968 45.8134
21.0235 45.8961
21.0789 45.9788
21.1318 46.0576
21.1878 46.1412
21.2427 46.223
21.2962 46.3028
21.3498 46.3827
21.4047 46.4646
21.463 46.5514
21.5196 46.6357
21.5744 46.7175
21.6284 46.7979
21.6809 46.8762
21.7362 46.9587
21.7892 47.0377
21.8434 47.1184
21.8968 47.198
21.9531 47.2819
22.0115 47.3689
22.0657 47.4495
22.1203 47.5308
22.1742 47.611
22.2292 47.6929
22.2858 47.7771
22.3377 47.8542
22.3911 47.9337
22.4455 48.0147
22.5034 48.1009
22.5609 48.1865
22.6136 48.2649
22.6644 48.3405
22.7191 48.422
22.7771 48.5083
22.8324 48.5906
22.8886 48.6742
22.9441 48.7568
23.0019 48.8428
23.0599 48.9292
23.1127 49.0077
23.1632 49.0828
23.2143 49.1588
23.2691 49.2405
23.3254 49.3243
23.3775 49.4018
23.4289 49.4782
23.4829 49.5588
23.5429 49.648
23.6041 49.7391
23.6603 49.8228
23.7132 49.9014
23.7671 49.9816
23.8228 50.0643
23.8765 50.1442
23.9269 50.2192
23.9767 50.2933
24.0342 50.3788
24.0933 50.4667
24.1525 50.5547
24.2063 50.6347
24.2582 50.7119
24.3114 50.791
24.3674 50.8742
24.4214 50.9544
24.4743 51.0331
24.5282 51.1133
24.5847 51.1972
24.6437 51.2849
24.6986 51.3665
24.7524 51.4465
24.8056 51.5256
24.8612 51.6081
24.9182 51.693
24.9705 51.7707
25.0244 51.8508
25.0779 51.9304
25.1353 52.0157
25.1933 52.1019
25.2452 52.1791
25.2961 52.2548
25.3496 52.3343
25.4065 52.419
25.4648 52.5057
25.5202 52.5881
25.5745 52.6688
25.6317 52.7539
25.6906 52.8415
25.7448 52.9222
25.7924 52.9929
25.8389 53.0621
25.891 53.1397
25.9476 53.224
26.0063 53.3112
26.0664 53.4007
26.1235 53.4858
26.1843 53.5762
26.2408 53.6602
26.2908 53.7345
26.3391 53.8064
26.3885 53.8798
26.443 53.9609
26.5029 54.05
26.5619 54.1379
26.6199 54.2241
26.6764 54.3083
26.7326 54.3919
26.7848 54.4697
26.833 54.5413
26.8828 54.6155
26.9376 54.6972
26.9998 54.7898
27.0581 54.8765
27.1148 54.961
27.1672 55.0389
27.2208 55.1187
27.2755 55.2003
27.3261 55.2755
27.3783 55.3533
27.4318 55.4329
27.4912 55.5214
27.5506 55.6097
27.6066 55.6931
27.6612 55.7743
27.7129 55.8512
27.7658 55.93
27.8196 56.0099
27.8718 56.0875
27.9263 56.1686
27.9824 56.2521
28.044 56.3437
28.1015 56.4292
28.1551 56.5089
28.2054 56.5838
28.2569 56.6605
28.3112 56.7414
28.3653 56.8218
28.4192 56.9021
28.4735 56.983
28.5308 57.0685
28.5902 57.1569
28.6444 57.2377
28.6943 57.3121
28.7477 57.3917
28.8047 57.4765
28.863 57.5635
28.9178 57.6452
28.9703 57.7236
29.0251 57.8053
29.0842 57.8935
29.1405 57.9775
29.1925 58.0551
29.2456 58.1344
29.3012 58.2172
29.3591 58.3038
29.4145 58.3864
29.4657 58.4629
29.5152 58.5367
29.5689 58.6171
29.6262 58.7027
29.6809 58.7845
29.7334 58.8629
29.7853 58.9406
29.841 59.0239
29.9014 59.1142
29.958 59.1989
30.0107 59.2778
30.0633 59.3565
30.1175 59.4377
30.1733 59.5211
30.2251 59.5987
30.277 59.6764
30.3295 59.7552
30.3868 59.8409
30.4459 59.9294
30.5009 60.0119
30.5534 60.0905
30.6065 60.1701
30.6621 60.2535
30.7175 60.3366
30.7707 60.4163
30.8232 60.495
30.8763 60.5747
30.9332 60.6601
30.9894 60.7444
31.0431 60.8251
31.0939 60.9014
31.146 60.9796
31.2025 61.0645
31.2606 61.1517
31.3163 61.2354
31.3711 61.3178
31.4271 61.402
31.4827 61.4856
31.5348 61.564
31.5871 61.6427
31.6371 61.7179
31.6905 61.7981
31.7457 61.8812
31.8009 61.9643
31.8536 62.0436
31.9072 62.1244
31.9644 62.2104
32.0235 62.2995
32.0816 62.387
32.1343 62.4663
32.1865 62.5449
32.2407 62.6266
32.2944 62.7074
32.3477 62.7877
32.3986 62.8645
32.4538 62.9476
32.5115 63.0347
32.5675 63.119
32.6201 63.1983
32.6718 63.2763
32.7249 63.3564
32.7804 63.44
32.8353 63.5229
32.8874 63.6016
32.9415 63.6831
32.9987 63.7695
33.056 63.8559
33.1119 63.9403
33.1625 64.0167
33.2151 64.0961
33.2697 64.1786
33.323 64.259
33.3768 64.3403
33.4292 64.4193
33.4843 64.5025
33.5421 64.5899
33.597 64.6727
33.649 64.7512
33.6993 64.8272
33.753 64.9083
33.8107 64.9955
33.8656 65.0784
33.9196 65.1599
33.9744 65.2428
34.0318 65.3295
34.0868 65.4125
34.136 65.4869
34.1801 65.5536
34.2294 65.628
34.287 65.7151
34.3483 65.8079
34.4053 65.8941
34.4589 65.9751
34.5144 66.059
34.5711 66.1447
34.6252 66.2264
34.6721 66.2973
34.7199 66.3695
34.7758 66.454
34.8386 66.5488
34.898 66.6387
34.951 66.7186
35.0026 66.7966
35.0573 66.8793
35.1127 66.9631
35.1631 67.0393
35.2113 67.1121
35.2726 67.2048
35.3271 67.2872
35.3756 67.3606
35.4255 67.4361
35.4796 67.518
35.5368 67.6045
35.5892 67.6837
35.6422 67.7638
35.6967 67.8464
35.7567 67.9371
35.8115 68.02
35.8641 68.0996
35.9178 68.181
35.9732 68.2649
36.0306 68.3517
36.0851 68.4341
36.1358 68.5109
36.1886 68.591
36.2425 68.6727
36.2997 68.7593
36.3538 68.8412
36.4082 68.9235
36.4613 69.0037
36.516 69.0863
36.5724 69.1716
36.6298 69.2582
36.6872 69.345
36.7408 69.4259
36.7961 69.5095
36.8524 69.5945
36.9118 69.6844
36.9699 69.7723
37.0281 69.8604
37.0837 69.9445
37.1379 70.0264
37.1938 70.111
37.2516 70.1984
37.3097 70.2862
37.3676 70.3738
37.4247 70.4601
37.4786 70.5417
37.5329 70.6238
37.5879 70.707
37.6436 70.7915
37.6992 70.8758
37.7536 70.9585
37.8076 71.0407
37.861 71.1221
37.9147 71.2042
37.9679 71.2856
38.0216 71.3677
38.0754 71.4502
38.1293 71.5329
38.1834 71.616
38.2367 71.6981
38.2899 71.78
38.3426 71.8616
38.3958 71.9442
38.4491 72.0271
38.5026 72.1107
38.5557 72.194
38.6083 72.2768
38.6609 72.3598
38.7133 72.4429
38.7653 72.5257
38.8176 72.6096
38.8698 72.6938
38.9212 72.7774
38.9722 72.8613
39.0225 72.9449
39.072 73.028
39.1206 73.1107
39.1692 73.1946
39.217 73.2785
39.2648 73.3638
39.3132 73.4516
39.3605 73.5392
39.4076 73.628
39.4537 73.7168
39.4984 73.8049
39.5413 73.8912
39.5831 73.9772
39.6235 74.0624
39.6637 74.1493
39.7039 74.2382
39.7443 74.3301
39.7837 74.4222
39.8221 74.5142
39.8597 74.6069
39.8968 74.7007
39.9318 74.7917
39.9649 74.8804
39.9969 74.9683
40.0281 75.0566
40.0598 75.1491
40.0905 75.2415
40.1216 75.3382
40.1517 75.4345
40.1813 75.5321
40.21 75.6301
40.2378 75.7278
40.2634 75.8205
40.2873 75.9104
40.3104 76.0001
40.3331 76.0912
40.3554 76.1847
40.3774 76.2803
40.3992 76.3788
40.4202 76.4777
40.4397 76.5736
40.4586 76.6712
40.4772 76.7714
40.4945 76.8695
40.5112 76.9694
40.5262 77.0637
40.5403 77.1574
40.5532 77.2491
40.5656 77.3426
40.5771 77.436
40.5883 77.534
40.599 77.6356
40.6089 77.7386
40.6181 77.8435
40.6262 77.9448
40.6332 78.0437
40.6391 78.1367
40.644 78.2285
40.6483 78.3211
40.6518 78.417
40.6545 78.517
40.6565 78.6192
40.6575 78.7203
40.6577 78.8237
40.657 78.9239
40.6554 79.0228
40.6531 79.1191
40.6501 79.2117
40.6463 79.3059
40.6413 79.4049
40.6354 79.5059
40.6291 79.6013
40.6219 79.6971
40.6142 79.7894
40.6054 79.8845
40.5958 79.98
40.5851 80.0778
40.5735 80.1762
40.5612 80.2735
40.5479 80.3716
40.5334 80.4717
40.5183 80.5706
40.5023 80.6694
40.4857 80.7665
40.4688 80.8604
40.4509 80.9553
40.4317 81.0516
40.4109 81.152
40.3885 81.2549
40.3659 81.3548
40.3433 81.4504
40.3202 81.5447
40.2968 81.6364
40.2729 81.727
40.2474 81.8199
40.2214 81.9117
40.1943 82.0043
40.1662 82.0975
40.1368 82.1915
40.1056 82.2884
40.0735 82.3852
40.0411 82.4801
40.0083 82.5736
39.9757 82.6639
39.9426 82.7533
39.9092 82.8409
39.8748 82.9291
39.8394 83.0175
39.8026 83.1069
39.7639 83.1988
39.7227 83.2941
39.6808 83.3888
39.6387 83.4816
39.597 83.5716
39.5559 83.6584
39.5148 83.7431
39.4733 83.8269
39.4299 83.9124
39.3847 83.9996
39.3372 84.0893
39.2895 84.1774
39.2406 84.2658
39.1914 84.3531
39.1421 84.4389
39.0921 84.5241
39.0423 84.6074
38.9921 84.6898
38.9423 84.7699
38.8919 84.8494
38.8411 84.928
38.7854 85.0125
38.7353 85.0871
38.6858 85.1594
38.6313 85.2374
38.5702 85.3229
38.5015 85.4172
38.4322 85.5103
38.3707 85.5915
38.315 85.6635
38.2586 85.735
38.1999 85.8078
38.1344 85.8874
38.0702 85.9639
38.009 86.0353
37.9426 86.1111
37.8733 86.1886
37.7998 86.2691
37.7331 86.3408
37.6637 86.414
37.6005 86.4795
37.5314 86.55
37.4587 86.6231
37.3864 86.6948
37.3125 86.7671
37.2347 86.8424
37.1616 86.9123
37.0946 86.9757
37.032 87.0344
36.966 87.0957
36.8916 87.1641
36.8111 87.2376
36.7337 87.3077
36.6605 87.3735
36.5908 87.4358
36.5216 87.4974
36.4539 87.5573
36.3832 87.6195
36.3076 87.6858
36.2259 87.7571
36.148 87.8249
36.0756 87.8877
36.0016 87.9517
35.9256 88.0174
35.8507 88.082
35.7788 88.1438
35.7111 88.202
35.641 88.2621
35.5595 88.3318
35.4824 88.3977
35.4087 88.4607
35.3322 88.5259
35.2558 88.5909
35.1806 88.6549
35.1138 88.7116
35.0456 88.7694
34.9681 88.835
34.8889 88.9019
34.8111 88.9676
34.7376 89.0295
34.6613 89.0937
34.5843 89.1584
34.5084 89.2222
34.4366 89.2824
34.3658 89.3417
34.2912 89.4041
34.2132 89.4692
34.1351 89.5344
34.0557 89.6006
33.979 89.6645
33.9018 89.7287
33.827 89.7909
33.7554 89.8503
33.6847 89.909
33.6113 89.9698
33.5341 90.0337
33.4554 90.0988
33.3784 90.1624
33.3035 90.2242
33.2282 90.2863
33.1509 90.3501
33.0734 90.4139
33.0019 90.4726
32.9276 90.5337
32.8538 90.5943
32.7747 90.6592
32.6957 90.7239
32.6209 90.7852
32.5473 90.8453
32.4723 90.9066
32.3948 90.97
32.3158 91.0344
32.2394 91.0967
32.1644 91.1577
32.0879 91.2198
32.0078 91.2848
31.9291 91.3486
31.8519 91.411
31.7765 91.472
31.7023 91.5319
31.6258 91.5936
31.5472 91.657
31.4638 91.7242
31.3796 91.7919
31.2994 91.8564
31.2238 91.9172
31.147 91.9789
31.0696 92.041
30.9892 92.1055
30.9058 92.1724
30.8205 92.2407
30.7366 92.3079
30.658 92.3708
30.5827 92.431
30.5085 92.4903
30.4314 92.5519
30.3536 92.6141
30.2736 92.6778
30.1922 92.7426
30.1116 92.8068
30.0326 92.8696
29.9565 92.93
29.8821 92.9891
29.8082 93.0476
29.7326 93.1075
29.6542 93.1695
29.5742 93.2326
29.4943 93.2955
29.4164 93.3566
29.3405 93.4161
29.2657 93.4744
29.1901 93.5332
29.113 93.5928
29.034 93.6537
28.9543 93.7149
28.875 93.7754
28.7972 93.8346
28.7199 93.893
28.6434 93.9504
28.5656 94.0083
28.4868 94.0664
28.4065 94.1251
28.3259 94.1833
28.2444 94.2415
28.1637 94.2984
28.0837 94.354
28.0037 94.4089
27.9264 94.4611
27.8465 94.5141
27.7655 94.5669
27.6841 94.619
27.5995 94.6721
27.514 94.7247
27.4265 94.7774
27.3395 94.8285
27.2511 94.8795
27.1641 94.9285
27.0824 94.9734
27.0016 95.0168
26.9182 95.0605
26.8329 95.1042
26.7433 95.1488
26.6515 95.1934
26.5583 95.2376
26.4648 95.2808
26.3731 95.3222
26.2843 95.3612
26.1987 95.3979
26.1134 95.4335
26.0224 95.4705
25.9291 95.5077
25.8361 95.5438
25.7444 95.5786
25.6549 95.6117
25.5609 95.6456
25.4652 95.6791
25.3698 95.7117
25.277 95.7425
25.186 95.7718
25.0953 95.8002
25.0025 95.8284
24.9112 95.8552
24.8152 95.8825
24.7156 95.9098
24.6184 95.9356
24.5198 95.9608
24.4246 95.9842
24.3303 96.0066
24.2403 96.0271
24.1497 96.0469
24.0548 96.0668
23.9593 96.086
23.8615 96.1047
23.7623 96.1228
23.6612 96.1403
23.5649 96.1562
23.466 96.1716
23.3692 96.1858
23.2719 96.1992
23.177 96.2115
23.0822 96.223
22.988 96.2335
22.891 96.2435
22.7932 96.2527
22.6943 96.2612
22.5964 96.2687
22.4967 96.2756
22.3975 96.2815
22.3005 96.2865
22.2025 96.2906
22.1019 96.2941
22.0026 96.2966
21.9038 96.2983
21.8046 96.2991
21.7076 96.2991
21.6115 96.2983
21.5157 96.2966
21.4198 96.2941
21.3224 96.2907
21.2268 96.2865
21.1286 96.2813
21.025 96.2749
20.9244 96.2678
20.8226 96.2597
20.7245 96.2511
20.6286 96.2418
20.5332 96.2317
20.4414 96.2211
20.3421 96.2089
20.2445 96.1959
20.1498 96.1825
20.0539 96.1681
19.9582 96.1528
19.8616 96.1365
19.7656 96.1195
19.6691 96.1015
19.5718 96.0825
19.4754 96.0628
19.3786 96.0422
19.2834 96.021
19.1861 95.9985
19.091 95.9757
18.9962 95.952
18.9048 95.9284
18.8118 95.9034
18.7198 95.8778
18.624 95.8504
18.53 95.8225
18.4348 95.7934
18.34 95.7634
18.2458 95.7328
18.1509 95.701
18.0586 95.6691
17.9658 95.6362
17.876 95.6035
17.7857 95.5697
17.6941 95.5345
17.6028 95.4986
17.5111 95.4616
17.4188 95.4234
17.3275 95.3848
17.2377 95.3458
17.1489 95.3064
17.0594 95.2658
16.9705 95.2245
16.8822 95.1825
16.7966 95.1409
16.7093 95.0975
16.6226 95.0534
16.5341 95.0075
16.4463 94.9609
16.3603 94.9143
16.2736 94.8664
16.1857 94.8167
16.1001 94.7674
16.0144 94.7169
15.9298 94.6662
15.8475 94.6158
15.7652 94.5645
15.6843 94.513
15.6035 94.4605
15.5207 94.4057
15.4352 94.348
15.3487 94.2885
15.2626 94.2281
15.1795 94.1688
15.1006 94.1114
15.0258 94.0559
14.9541 94.0018
14.8802 93.9449
14.7974 93.8799
14.7106 93.8104
14.625 93.7405
14.5477 93.6761
14.4808 93.6194
14.41 93.5582
14.3357 93.4926
14.2587 93.4232
14.184 93.3544
14.1131 93.2878
14.0369 93.2148
13.9603 93.14
13.8894 93.0694
13.8243 93.0033
13.7561 92.933
13.6858 92.8592
13.6164 92.7851
13.5504 92.7135
13.4824 92.6387
13.4132 92.5615
13.3459 92.4854
13.2852 92.4159
13.2211 92.3418
13.1528 92.2618
13.0857 92.1825
13.0239 92.1088
12.9673 92.0408
12.9084 91.9693
12.846 91.893
12.7829 91.8154
12.7229 91.741
12.6652 91.669
12.6037 91.5919
12.5413 91.5132
12.4793 91.4346
12.4165 91.3547
12.3525 91.2729
12.2881 91.1902
12.2289 91.1139
12.1752 91.0446
12.1207 90.9741
12.0593 90.8943
11.9961 90.8121
11.9335 90.7305
11.8749 90.6539
11.8136 90.5737
11.7491 90.4893
11.6887 90.41
11.6335 90.3376
11.5796 90.2666
11.5216 90.1902
11.4612 90.1104
11.3993 90.0286
11.3401 89.9501
11.2823 89.8735
11.221 89.7919
11.1615 89.7128
11.1043 89.6366
11.0492 89.563
10.9886 89.482
10.9263 89.3986
10.8645 89.3158
10.8049 89.2359
10.749 89.1607
10.6952 89.0882
10.6401 89.0139
10.5811 88.9341
10.52 88.8512
10.4576 88.7665
10.3937 88.6795
10.3299 88.5925
10.2664 88.5056
10.2049 88.4215
10.1481 88.3438
10.0942 88.2698
10.0371 88.1913
9.97568 88.1068
9.91145 88.0183
9.84494 87.9266
9.78113 87.8385
9.72142 87.756
9.6652 87.6783
9.60975 87.6016
9.5503 87.5193
9.48954 87.4351
9.42795 87.3497
9.36634 87.2642
9.30728 87.1822
9.24916 87.1015
9.19262 87.0228
9.13594 86.9439
9.07919 86.8649
9.02236 86.7856
8.96389 86.704
8.90504 86.6218
8.84921 86.5436
8.79386 86.4658
8.73718 86.386
8.67988 86.305
8.62231 86.2233
8.56521 86.1419
8.5088 86.0613
8.45318 85.9814
8.39769 85.9014
8.3426 85.8215
8.28702 85.7405
8.23134 85.6588
8.17538 85.5762
8.1197 85.4933
8.06521 85.4115
8.01144 85.3298
7.95852 85.2482
7.90545 85.165
7.85252 85.0805
7.79996 84.995
7.74818 84.9091
7.69721 84.8227
7.64903 84.7393
7.60134 84.6549
7.55667 84.574
7.51168 84.4905
7.46591 84.4035
7.41913 84.3123
7.37312 84.2203
7.32746 84.1266
7.28458 84.0364
7.24437 83.9496
7.20652 83.8657
7.1701 83.7829
7.13403 83.6986
7.09592 83.6071
7.05759 83.5125
7.01811 83.4124
6.98107 83.316
6.94637 83.2232
6.91393 83.1341
6.88346 83.0482
6.85309 82.9602
6.8222 82.8681
6.79107 82.7726
6.76014 82.675
6.72974 82.5763
6.7009 82.48
6.6737 82.3865
6.64824 82.2963
6.62379 82.2069
6.59985 82.1164
6.57446 82.0171
6.54956 81.9161
6.52622 81.818
6.50498 81.7252
6.48476 81.6335
6.46538 81.5419
6.4464 81.4482
6.42756 81.3509
6.40932 81.2522
6.39161 81.1514
6.3756 81.0555
6.36032 80.9588
6.34588 80.8622
6.33239 80.7664
6.31953 80.6688
6.30777 80.5731
6.29673 80.4763
6.28647 80.3785
6.27668 80.2761
6.2678 80.1731
6.26063 80.0796
6.25393 79.9793
6.2477 79.8697
6.24255 79.7598
6.23862 79.6544
6.23607 79.5622
6.23449 79.4739
6.23375 79.3785
6.23404 79.2754
6.23544 79.1683
6.23778 79.0671
6.24128 78.961
6.2457 78.8577
6.2508 78.7605
6.25626 78.6725
6.26267 78.5824
6.27078 78.4813
6.28035 78.3739
6.29043 78.27
6.301 78.1687
6.31215 78.0683
6.32343 77.9723
6.33507 77.8782
6.34644 77.7905
6.35932 77.6955
6.3738 77.5929
6.38911 77.4882
6.40438 77.3869
6.42042 77.2833
6.43602 77.1849
6.45087 77.0932
6.4654 77.0054
6.47974 76.9206
6.49617 76.8253
6.51423 76.7229
6.53328 76.617
6.55198 76.5148
6.5697 76.4194
6.58739 76.3255
6.6055 76.2304
6.62336 76.1377
6.64094 76.0472
6.65938 75.953
6.67963 75.8503
6.69973 75.7488
6.71939 75.6499
6.73746 75.5592
6.75602 75.4664
6.77471 75.3732
6.79453 75.2747
6.81462 75.1753
6.83425 75.0786
6.85407 74.9812
6.87444 74.8816
6.8955 74.7791
6.91467 74.6861
6.93381 74.5936
6.95298 74.5013
6.97279 74.4063
6.99331 74.3082
7.01311 74.214
7.03323 74.1185
7.05409 74.0199
7.07581 73.9175
7.09649 73.8204
7.11572 73.7303
7.1348 73.6412
7.15552 73.5447
7.17769 73.4417
7.19911 73.3424
7.2193 73.2491
7.24073 73.1502
7.2632 73.0468
7.28546 72.9445
7.30612 72.8498
7.32444 72.766
7.34421 72.6757
7.36588 72.5771
7.3882 72.4757
7.4097 72.3782
7.42995 72.2865
7.45082 72.1923
7.47357 72.0897
7.49633 71.9873
7.51671 71.8958
7.53581 71.8101
7.55673 71.7164
7.57963 71.6141
7.60274 71.511
7.62399 71.4164
7.64501 71.3229
7.66844 71.219
7.69191 71.1151
7.71406 71.017
7.73248 70.9356
7.75146 70.8518
7.77224 70.7602
7.79552 70.6578
7.81847 70.557
7.83928 70.4657
7.86029 70.3737
7.88353 70.2721
7.90762 70.1669
7.93055 70.0669
7.95188 69.974
7.9729 69.8828
7.99477 69.7882
8.01715 69.6917
8.03912 69.5972
8.06142 69.5016
8.0834 69.4075
8.10646 69.309
8.13112 69.2039
8.15544 69.1004
8.17944 68.9983
8.20229 68.9013
8.22478 68.8059
8.24746 68.7099
8.27099 68.6104
8.29564 68.5063
8.32034 68.4022
8.34444 68.3008
8.36835 68.2002
8.39122 68.104
8.41386 68.0089
8.43663 67.9134
8.46013 67.8148
8.48429 67.7135
8.50815 67.6134
8.53172 67.5144
8.55476 67.4174
8.57751 67.3215
8.59983 67.2272
8.62235 67.1316
8.64507 67.035
8.66769 66.9385
8.69037 66.8415
8.71248 66.7469
8.73465 66.6518
8.75669 66.5572
8.77867 66.4626
8.80088 66.3666
8.8231 66.2702
8.84522 66.1737
8.86714 66.0776
8.88868 65.9825
8.90987 65.8882
8.93111 65.793
8.9523 65.6973
8.97332 65.6015
8.99431 65.5049
9.01491 65.4091
9.03523 65.3134
9.0551 65.2184
9.07474 65.1229
9.09387 65.0281
9.11282 64.932
9.1314 64.8353
9.14939 64.7389
9.16702 64.6412
9.18427 64.5419
9.20081 64.4426
9.21643 64.3443
9.23095 64.2479
9.24418 64.1549
9.2565 64.0625
9.26829 63.9676
9.27967 63.8686
9.29018 63.769
9.2998 63.6688
9.30825 63.5712
9.31584 63.4727
9.3226 63.3728
9.32838 63.2739
9.33317 63.1768
9.33709 63.0795
9.3401 62.9827
9.3423 62.8829
9.34357 62.7838
9.34396 62.6827
9.34346 62.5845
9.34214 62.4892
9.33993 62.3913
9.33691 62.295
9.33305 62.1983
9.32834 62.1016
9.3228 62.0053
9.31628 61.9068
9.30878 61.8067
9.3004 61.7066
9.29118 61.6069
9.28121 61.5083
9.2706 61.4117
9.25936 61.317
9.24726 61.222
9.2339 61.124
9.21983 61.0271
9.20471 60.9291
9.18891 60.8323
9.17225 60.7357
9.15474 60.6393
9.13642 60.5433
9.11689 60.4457
9.09672 60.3493
9.07562 60.2528
9.05406 60.1582
9.03156 60.0632
9.00863 59.9699
8.98486 59.8768
8.96055 59.7847
8.93478 59.6905
8.90792 59.5954
8.87896 59.4961
8.84912 59.3969
8.8195 59.3013
8.7902 59.2094
8.76097 59.1204
8.73177 59.0339
8.7009 58.945
8.66727 58.8508
8.63245 58.7559
8.59708 58.6621
8.56098 58.5688
8.52403 58.4757
8.48697 58.3847
8.44999 58.2961
8.41174 58.2066
8.37357 58.1196
8.33318 58.0296
8.2924 57.9408
8.25018 57.851
8.20736 57.7618
8.16427 57.6741
8.12095 57.5879
8.07728 57.5027
8.03168 57.4157
7.98399 57.3266
7.93467 57.2364
7.88575 57.1486
7.83688 57.0627
7.78912 56.9803
7.74203 56.9006
7.69354 56.8202
7.64318 56.7382
7.59045 56.6539
7.53752 56.5708
7.48201 56.4852
7.42677 56.4014
7.3714 56.3188
7.3154 56.2365
7.25876 56.1547
7.20235 56.0745
7.14551 55.9949
7.08872 55.9168
7.03128 55.839
6.97368 55.7622
6.91402 55.684
6.85347 55.606
6.79016 55.5257
6.72421 55.4435
6.65942 55.3641
6.59524 55.2867
6.53323 55.2131
6.47393 55.144
6.41153 55.0725
6.34263 54.9949
6.27079 54.9155
6.19755 54.8359
6.12858 54.7624
6.06429 54.695
5.99631 54.6251
5.92727 54.5554
5.85783 54.4866
5.7859 54.4166
5.71508 54.349
5.63986 54.2784
5.56339 54.2079
5.48808 54.1396
5.4142 54.0736
5.34126 54.0095
5.26491 53.9434
5.18762 53.8775
5.11136 53.8134
5.0355 53.7505
4.95942 53.6882
4.88565 53.6285
4.8115 53.5691
4.733 53.5069
4.65024 53.442
4.56763 53.3777
4.49296 53.3201
4.41933 53.2637
4.3455 53.2075
4.26246 53.1447
4.17877 53.0818
4.09805 53.0214
4.01742 52.9612
3.93642 52.901
3.85514 52.8407
3.77744 52.7831
3.69968 52.7256
3.62011 52.6667
3.53831 52.6062
3.45529 52.5449
3.37652 52.4867
3.29736 52.4283
3.21973 52.3711
3.14051 52.3128
3.06266 52.2555
2.98539 52.1988
2.90597 52.1405
2.82003 52.0775
2.73569 52.0157
2.65921 51.9598
2.58404 51.9048
2.50565 51.8476
2.42574 51.7893
2.35155 51.7352
2.27495 51.6795
2.19813 51.6236
2.11165 51.5607
2.02643 51.4988
1.94436 51.4393
1.86843 51.3842
1.79054 51.3278
1.71116 51.2702
1.63116 51.2123
1.55311 51.1559
1.47491 51.0993
1.39176 51.0392
1.30547 50.9768
1.22386 50.9179
1.15026 50.8647
1.07636 50.8114
0.997462 50.7545
0.915467 50.6954
0.831035 50.6345
0.751983 50.5776
0.671905 50.5199
0.591829 50.4622
0.512573 50.4052
0.437957 50.3515
0.366368 50.3
0.291807 50.2464
0.211524 50.1886
0.125257 50.1266
0.0397899 50.0652
-0.0391811 50.0085
-0.117004 49.9526
-0.19855 49.8941
-0.284513 49.8324
-0.361819 49.777
-0.435478 49.7242
-0.513699 49.6681
-0.59764 49.608
-0.681266 49.548
-0.758238 49.4929
-0.833124 49.4393
-0.912508 49.3824
-0.996639 49.3222
-1.07968 49.2628
-1.15344 49.2101
-1.22842 49.1565
-1.30939 49.0986
-1.39498 49.0375
-1.47789 48.9782
-1.55248 48.925
-1.62925 48.8701
-1.70929 48.813
-1.79099 48.7547
-1.8716 48.6971
-1.95005 48.6411
-2.03116 48.5833
-2.11802 48.5213
-2.20052 48.4625
-2.27661 48.4082
-2.35172 48.3547
-2.43019 48.2988
-2.51373 48.2393
-2.59686 48.1801
-2.67225 48.1265
-2.74958 48.0715
-2.82853 48.0153
-2.9116 47.9561
-2.99477 47.8969
-3.0703 47.8432
-3.15208 47.785
-3.23712 47.7245
-3.32292 47.6635
-3.3995 47.609
-3.47159 47.5578
-3.54569 47.505
-3.62119 47.4514
-3.70251 47.3935
-3.78613 47.334
-3.86525 47.2778
-3.94982 47.2176
-4.03671 47.1559
-4.11959 47.0969
-4.19592 47.0426
-4.26708 46.992
-4.34483 46.9367
-4.42814 46.8775
-4.51286 46.8172
-4.59421 46.7594
-4.675 46.7019
-4.76049 46.6411
-4.84308 46.5824
-4.9219 46.5263
-4.99312 46.4757
-5.06743 46.4228
-5.14639 46.3667
-5.23101 46.3065
-5.31341 46.2479
-5.38954 46.1938
-5.47089 46.1359
-5.55245 46.0779
-5.63392 46.0199
-5.7108 45.9652
-5.78738 45.9108
-5.86626 45.8547
-5.94898 45.7959
-6.03261 45.7365
-6.11498 45.6781
-6.19252 45.6231
-6.27465 45.5649
-6.35827 45.5056
-6.443 45.4456
-6.52345 45.3885
-6.60292 45.3322
-6.68648 45.273
-6.77294 45.2118
-6.86349 45.1478
-6.94948 45.0869
-7.03111 45.0292
-7.11024 44.9732
-7.18851 44.9179
-7.26858 44.8613
-7.35638 44.7992
-7.44634 44.7356
-7.53439 44.6734
-7.62029 44.6126
-7.70236 44.5546
-7.78206 44.4983
-7.86199 44.4418
-7.94264 44.3848
-8.02412 44.3272
-8.10751 44.2683
-8.19204 44.2085
-8.27652 44.1487
-8.35934 44.0902
-8.43961 44.0334
-8.51797 43.9781
-8.59635 43.9227
-8.67652 43.866
-8.75887 43.8078
-8.84205 43.749
-8.92386 43.6912
-9.00364 43.6348
-9.08202 43.5794
-9.16058 43.5238
-9.24006 43.4675
-9.3207 43.4104
-9.40177 43.353
-9.48267 43.2958
-9.5631 43.2388
-9.64281 43.1824
-9.72202 43.1263
-9.80139 43.0701
-9.88099 43.0137
-9.96092 42.9571
-10.0413 42.9002
-10.1223 42.8429
-10.2029 42.7858
-10.2832 42.7289
-10.3631 42.6724
-10.4428 42.6161
-10.5224 42.5599
-10.6024 42.5034
-10.6829 42.4465
-10.7634 42.3896
-10.8439 42.3327
-10.924 42.2761
-11.0038 42.2196
-11.0835 42.1632
-11.1633 42.1067
-11.2434 42.0501
-11.3236 41.9934
-11.4039 41.9366
-11.484 41.8799
-11.564 41.8233
-11.6441 41.7666
-11.7237 41.7102
-11.8035 41.6537
-11.8837 41.5969
-11.964 41.54
-12.0442 41.4832
-12.1241 41.4267
-12.204 41.3702
-12.2839 41.3138
-12.3638 41.2572
-12.4439 41.2006
-12.5241 41.1439
-12.604 41.0874
-12.6839 41.0308
-12.7639 40.9742
-12.844 40.9175
-12.924 40.8609
-13.004 40.8043
-13.084 40.7477
-13.1638 40.6912
-13.2437 40.6348
-13.3237 40.5782
-13.4036 40.5216
-13.4837 40.4649
-13.5637 40.4083
-13.6438 40.3516
-13.7237 40.295
-13.8038 40.2383
-13.8837 40.1817
-13.9636 40.1252
-14.0435 40.0686
-14.1234 40.0121
-14.2035 39.9554
-14.2835 39.8987
-14.3636 39.8421
-14.4436 39.7854
-14.5235 39.7288
-14.6035 39.6723
-14.6835 39.6156
-14.7634 39.5591
-14.8434 39.5024
-14.9233 39.4459
-15.0034 39.3892
-15.0833 39.3326
-15.1633 39.276
-15.2433 39.2194
-15.3233 39.1628
-15.4031 39.1063
-15.4831 39.0497
-15.563 38.9931
-15.643 38.9365
-15.7229 38.8799
-15.8029 38.8233
-15.8829 38.7667
-15.9629 38.71
-16.043 38.6533
-16.123 38.5967
-16.2029 38.5401
-16.2828 38.4835
-16.3628 38.427
-16.4428 38.3703
-16.5228 38.3137
-16.6027 38.2571
-16.6827 38.2005
-16.7627 38.1439
-16.8426 38.0873
-16.9226 38.0307
-17.0026 37.9741
-17.0825 37.9175
-17.1624 37.8609
-17.2424 37.8044
-17.3223 37.7478
-17.4022 37.6912
-17.4822 37.6346
-17.5623 37.5779
-17.6422 37.5213
-17.7222 37.4647
-17.8022 37.4081
-17.8821 37.3515
-17.9621 37.2949
-18.0421 37.2383
-18.1219 37.1817
-18.2019 37.1251
-18.2818 37.0685
-18.3617 37.012
-18.4417 36.9554
-18.5217 36.8987
-18.6017 36.8421
-18.6816 36.7855
-18.7616 36.7289
-18.8415 36.6723
-18.9215 36.6157
-19.0015 36.5591
-19.0815 36.5025
-19.1615 36.4459
-19.2415 36.3892
-19.3215 36.3326
-19.4015 36.2759
-19.4815 36.2193
-19.5614 36.1627
-19.6414 36.1061
-19.7213 36.0496
-19.8012 35.993
-19.8812 35.9364
-19.9613 35.8797
-20.0412 35.8231
-20.1211 35.7666
-20.201 35.71
-20.2809 35.6534
-20.3608 35.5969
-20.4408 35.5403
-20.5207 35.4836
-20.6007 35.427
-20.6807 35.3704
-20.7607 35.3138
-20.8406 35.2572
-20.9205 35.2006
-21.0006 35.144
-21.0805 35.0874
-21.1604 35.0308
-21.2403 34.9742
-21.3204 34.9176
-21.4003 34.861
-21.4804 34.8043
-21.5605 34.7476
-21.6404 34.691
-21.7204 34.6344
-21.8004 34.5777
-21.8804 34.5211
-21.9603 34.4646
-22.0402 34.408
-22.1203 34.3513
-22.2003 34.2947
-22.2802 34.2381
-22.3602 34.1815
-22.4401 34.1249
-22.5201 34.0683
-22.6 34.0117
-22.68 33.9551
-22.76 33.8985
-22.84 33.8418
-22.9199 33.7852
-22.9998 33.7287
-23.0797 33.6721
-23.1597 33.6155
-23.2396 33.5589
-23.3196 33.5023
-23.3996 33.4457
-23.4795 33.3891
-23.5594 33.3325
-23.6393 33.276
-23.7193 33.2193
-23.7993 33.1627
-23.8792 33.1061
-23.9592 33.0495
-24.0391 32.9929
-24.1191 32.9363
-24.199 32.8797
-24.2789 32.8231
-24.3589 32.7665
-24.4388 32.71
-24.5188 32.6533
-24.5989 32.5966
-24.6789 32.54
-24.7588 32.4834
-24.8387 32.4269
-24.9185 32.3703
-24.9985 32.3137
-25.0786 32.257
-25.1587 32.2003
-25.2386 32.1437
-25.3185 32.0872
-25.3983 32.0307
-25.4783 31.9741
-25.5582 31.9175
-25.6382 31.8608
-25.7183 31.8041
-25.7983 31.7475
-25.8783 31.6908
-25.9583 31.6342
-26.0382 31.5776
-26.1182 31.521
-26.1981 31.4644
-26.278 31.4078
-26.3581 31.3512
-26.4381 31.2945
-26.518 31.2379
-26.598 31.1813
-26.6779 31.1247
-26.7578 31.0681
-26.8377 31.0116
-26.9178 30.9549
-26.9978 30.8982
-27.0779 30.8415
-27.1579 30.7849
-27.2378 30.7283
-27.3177 30.6717
-27.3977 30.6151
-27.4776 30.5585
-27.5576 30.5019
-27.6376 30.4453
-27.7175 30.3887
-27.7974 30.3321
-27.8774 30.2755
-27.9574 30.2188
-28.0374 30.1622
-28.1173 30.1056
-28.1973 30.0489
-28.2772 29.9923
-28.3573 29.9357
-28.4373 29.879
-28.5174 29.8223
-28.5973 29.7657
-28.6774 29.709
-28.7573 29.6524
-28.8372 29.5958
-28.9171 29.5392
-28.9971 29.4826
-29.0771 29.426
-29.157 29.3694
-29.2369 29.3128
-29.3168 29.2563
-29.3967 29.1997
-29.4767 29.1431
-29.5567 29.0864
-29.6368 29.0297
-29.7168 28.973
-29.7968 28.9164
-29.8767 28.8599
-29.9567 28.8032
-30.0366 28.7466
-30.1165 28.69
-30.1965 28.6334
-30.2764 28.5769
-30.3563 28.5202
-30.4362 28.4637
-30.5162 28.4071
-30.5962 28.3504
-30.6761 28.2938
-30.756 28.2372
-30.8359 28.1807
-30.9159 28.1241
-30.9958 28.0675
-31.0758 28.0108
-31.1557 27.9542
-31.2357 27.8977
-31.3156 27.8411
-31.3956 27.7844
-31.4755 27.7279
-31.5554 27.6713
-31.6353 27.6147
-31.7153 27.5581
-31.7952 27.5015
-31.8752 27.4449
-31.9551 27.3883
-32.0351 27.3316
-32.1151 27.275
-32.195 27.2184
-32.275 27.1618
-32.3549 27.1052
-32.4349 27.0486
-32.5148 26.992
-32.5947 26.9354
-32.6747 26.8788
-32.7546 26.8222
-32.8345 26.7656
-32.9144 26.709
-32.9944 26.6524
-33.0744 26.5958
-33.1543 26.5392
-33.2344 26.4825
-33.3143 26.4259
-33.3943 26.3693
-33.4742 26.3127
-33.5541 26.2561
-33.6341 26.1995
-33.714 26.1429
-33.794 26.0862
-33.8739 26.0296
-33.9538 25.9731
-34.0337 25.9165
-34.1137 25.8599
-34.1937 25.8032
-34.2737 25.7466
-34.3536 25.69
-34.4336 25.6334
-34.5135 25.5768
-34.5934 25.5202
-34.6733 25.4636
-34.7532 25.407
-34.8332 25.3504
-34.9132 25.2938
-34.9932 25.2371
-35.073 25.1806
-35.1531 25.1239
-35.233 25.0673
-35.313 25.0107
-35.393 24.954
-35.4729 24.8974
-35.5528 24.8408
-35.6328 24.7842
-35.7127 24.7276
-35.7926 24.671
-35.8726 24.6144
-35.9526 24.5578
-36.0325 24.5012
-36.1125 24.4445
-36.1924 24.388
-36.2724 24.3313
-36.3523 24.2747
-36.4323 24.2181
-36.5123 24.1614
-36.5923 24.1048
-36.6722 24.0482
-36.7522 23.9916
-36.8321 23.9349
-36.9121 23.8783
-36.992 23.8217
-37.0719 23.7651
-37.1518 23.7086
-37.2318 23.6519
-37.3118 23.5953
-37.3917 23.5387
-37.4716 23.4821
-37.5515 23.4255
-37.6315 23.3689
